197.2,42.3
155.5,91.2
157.6,96.5
159.7,106.8
155.4,71.9
159.1,75.2
189.4,114.2
183.4,59.6
173.3,49.3
146.4,44.4
194.6,115.1
158.0,67.2
188.0,80.0
157.7,44.8
193.6,118.5
191.0,84.0
143.1,106.3
156.5,112.0
145.2,109.2
163.1,55.5
194.1,72.3
155.7,44.2
141.6,62.9
181.5,71.2
162.5,50.3
173.4,86.9
158.3,108.2
191.1,96.8
192.4,94.7
160.1,79.6
160.7,47.6
159.5,48.3
160.3,76.6
140.9,71.8
163.5,42.1
147.9,79.2
197.8,52.6
174.6,51.1
144.6,88.8
183.6,62.3
157.7,76.9
188.6,68.6
197.8,47.6
199.8,111.3
190.7,51.1
156.8,107.7
155.5,114.5
150.4,112.6
169.8,49.7
187.3,94.7
165.9,49.7
171.5,43.3
156.5,102.3
194.8,65.8
181.7,112.1
158.6,96.6
151.3,76.0
187.4,64.2
194.7,77.0
183.4,95.3
142.8,62.3
188.2,59.3
144.7,53.1
187.8,69.3
176.8,106.2
161.9,69.2
172.3,82.5
183.9,56.7
190.0,90.0
159.9,105.0
179.1,71.6
187.1,43.7
157.3,57.1
179.4,87.0
197.6,74.5
154.0,50.1
183.2,93.5
165.5,49.4
178.4,81.0
169.2,69.6
184.6,76.8
167.7,119.3
178.7,50.1
157.5,88.7
158.1,46.4
187.4,111.4
197.3,112.9
151.6,41.6
186.6,68.9
143.5,117.5
177.2,77.5
158.8,78.0
188.3,103.8
198.3,104.2
178.3,68.2
144.1,79.9
194.8,74.6
172.7,91.3
152.5,91.5
140.1,47.1
186.1,119.5
194.1,72.3
184.3,112.5
178.5,78.1
164.3,104.8
188.7,66.5
187.4,69.7
171.7,110.0
143.1,44.4
155.0,86.1
186.0,117.6
169.0,75.0
198.8,89.6
190.2,101.5
174.0,108.5
174.5,96.3
167.2,51.5
168.2,40.2
175.2,68.6
153.7,90.8
176.5,90.3
181.5,70.5
188.9,62.8
182.0,70.5
191.4,79.4
199.8,83.1
167.8,116.2
175.6,67.9
148.3,83.3
193.3,60.1
145.6,80.3
177.8,52.1
199.5,72.3
178.6,94.5
152.0,58.0
189.6,48.1
161.7,64.4
162.5,51.8
176.5,86.1
195.0,50.0
159.1,75.4
173.9,93.4
190.6,52.2
172.8,83.5
161.7,82.3
195.4,75.6
191.6,84.4
185.1,94.4
164.0,114.0
151.4,53.0
144.9,115.1
176.9,49.7
153.5,118.6
175.6,74.6
182.8,45.6
142.3,119.9
191.1,114.5
158.2,85.1
191.2,68.7
194.5,113.3
153.1,66.8
175.1,114.2
180.8,102.9
199.2,116.5
161.4,62.6
174.8,92.3
177.5,71.2
172.6,48.2
155.2,81.9
167.2,65.1
160.9,96.8
145.0,85.5
167.0,112.8
142.8,42.2
180.5,108.5
178.2,120.0
185.8,48.4
167.4,86.7
140.8,47.8
153.8,90.5
176.1,87.2
194.9,117.1
178.0,117.7
157.0,73.9
141.2,42.1
187.4,103.1
174.7,42.8
170.2,44.8
199.9,84.5
185.8,110.2
189.8,113.1
153.1,74.8
189.1,47.5
193.5,51.7
168.2,114.1
147.2,74.8
174.0,79.9
176.7,80.2
157.6,53.1
171.5,64.8
171.5,74.2
165.7,57.0
154.8,77.1
181.0,43.5
152.8,42.0
159.3,109.3
166.4,99.5
144.9,43.6
153.7,53.4
193.4,81.7
168.7,40.6
151.5,78.5
178.9,98.3
198.6,56.1
157.6,105.8
143.5,60.4
161.1,43.2
166.6,77.1
197.9,81.0
147.5,60.0
147.6,113.8
176.0,92.9
147.7,78.4
153.1,76.1
194.2,64.4
162.1,111.4
163.7,55.4
185.7,101.0
166.5,87.4
154.9,75.0
181.5,93.4
152.2,46.1
155.0,42.2
162.7,97.2
188.9,74.1
143.4,47.0
197.4,46.2
172.9,96.8
185.2,77.1
181.1,64.4
188.0,80.8
159.3,58.2
168.2,56.7
157.0,69.3
156.0,98.6
189.7,46.7
157.6,77.4
145.9,94.5
173.0,88.9
165.1,84.2
150.4,100.6
155.2,48.6
146.4,54.1
182.7,107.8
186.7,49.2
149.7,76.9
146.0,83.8
147.3,42.3
195.4,75.7
195.2,108.8
195.5,84.6
193.8,63.6
193.5,48.5
197.0,47.1
144.6,74.9
160.9,106.8
149.8,84.1
196.6,82.6
190.1,48.4
143.7,110.7
155.7,97.4
162.7,105.6
176.9,86.3
156.8,115.1
160.2,58.0
169.8,59.5
197.8,101.6
141.8,117.0
159.4,103.5
182.4,79.7
147.2,82.2
196.0,96.4
166.2,87.9
195.3,113.0
170.4,86.4
140.5,118.1
150.4,81.6
193.5,72.5
171.0,93.7
190.8,56.0
183.6,89.8
166.1,94.5
190.5,50.9
165.5,77.1
154.4,83.9
166.3,86.1
189.1,54.6
141.8,65.2
140.5,76.8
197.0,60.8
162.0,70.6
188.2,100.8
186.0,74.6
154.0,103.7
149.1,117.5
193.0,108.9
167.3,111.0
172.4,65.8
197.7,56.7
183.6,67.6
190.7,114.5
148.6,91.0
149.6,97.8
149.0,69.7
160.6,75.2
155.4,46.2
199.3,62.7
188.8,66.4
142.9,74.7
144.2,102.9
188.8,59.9
167.6,94.6
169.5,43.8
142.7,74.8
154.1,105.5
159.7,103.7
143.6,81.2
173.8,55.3
148.9,112.4
187.8,60.6
156.6,116.8
147.2,61.1
179.1,66.8
143.5,71.6
162.1,101.8
192.9,114.4
198.3,78.1
168.2,56.6
170.5,98.5
155.2,104.1
154.3,100.8
151.4,104.3
196.9,111.4
157.3,58.3
160.3,40.1
140.7,62.5
172.8,49.1
191.3,110.1
145.3,113.7
167.5,47.1
184.5,107.5
196.2,118.3
142.0,91.3
166.6,115.7
198.9,65.2
153.6,56.8
191.0,116.0
154.8,69.9
147.7,55.0
151.8,49.0
168.4,110.2
145.7,79.1
169.0,112.9
173.5,117.0
191.9,40.9
166.6,71.7
155.1,106.2
144.0,59.3
146.0,40.6
181.5,104.1
196.0,73.1
167.4,63.0
179.7,94.1
177.0,68.4
173.7,45.4
195.5,96.0
144.2,93.1
143.2,63.5
140.6,48.6
171.0,48.3
148.1,52.8
148.5,86.3
185.2,47.2
142.6,112.1
149.2,84.1
173.6,47.7
186.6,58.9
197.6,107.0
171.2,103.7
188.1,117.2
185.0,50.7
175.4,107.4
190.2,117.9
156.0,44.4
176.3,84.3
160.6,110.0
149.9,100.4
165.6,117.5
158.9,105.1
165.9,89.0
151.8,118.5
188.1,59.4
162.6,48.3
167.5,71.0
179.2,85.7
196.9,56.0
195.2,47.9
182.9,70.0
163.4,86.3
144.1,96.4
178.5,58.4
159.1,61.6
155.2,56.4
177.8,101.1
181.8,80.7
190.2,47.5
158.8,98.6
140.7,96.0
146.4,86.7
175.4,106.1
182.1,97.9
152.0,96.8
161.4,49.2
170.8,106.8
141.1,100.0
191.8,62.3
177.1,70.9
163.5,94.6
160.9,119.8
168.7,88.1
190.2,83.7
152.6,53.6
143.5,64.5
178.2,118.7
179.1,100.2
177.3,75.5
199.3,72.4
198.9,87.5
198.8,46.4
147.7,72.8
186.4,71.8
180.1,46.2
149.4,80.8
168.4,80.9
166.7,102.5
189.4,64.2
146.3,71.9
188.7,68.2
199.5,74.4
196.8,74.8
143.2,117.0
196.7,53.4
195.3,74.9
180.2,85.6
148.5,69.3
167.9,106.8
182.3,114.5
141.0,79.8
153.9,44.4
199.6,66.9
185.4,63.9
188.8,115.3
178.0,52.6
192.8,55.8
154.8,79.5
199.4,70.7
171.3,61.5
178.6,51.9
164.6,83.9
186.8,113.5
197.4,105.2
156.6,110.7
172.6,95.2
175.3,56.5
154.1,78.6
145.1,68.6
172.6,72.9
198.7,89.9
161.7,119.3
156.5,90.1
147.1,97.1
168.0,116.0
170.9,55.9
166.9,71.0
142.2,112.7
141.7,52.9
169.5,78.9
153.0,42.3
175.1,80.5
148.9,48.2
177.4,119.1
141.5,71.1
169.8,81.4
163.7,110.6
153.9,114.0
182.1,70.5
195.6,86.9
181.4,63.4
200.0,119.9
174.7,101.4
187.8,52.3
186.0,74.7
195.6,119.5
146.0,47.3
141.5,49.1
148.6,66.9
197.4,70.5
151.9,108.8
167.0,118.7
155.9,93.6
193.7,77.8
148.7,87.2
156.2,91.7
140.6,43.4
144.3,62.3
181.5,103.6
176.8,71.4
185.6,118.8
197.1,45.6
189.0,81.2
177.0,48.8
198.6,102.3
195.6,104.4
164.5,111.4
150.4,100.7
164.0,75.6
200.0,110.4
161.7,112.4
197.0,102.6
147.2,59.6
171.1,45.2
191.4,94.8
184.3,94.1
181.3,78.9
148.2,62.2
173.9,102.6
154.6,115.4
197.8,101.9
187.0,104.7
156.8,99.7
195.8,68.8
140.2,45.2
163.7,115.9
140.7,82.4
149.3,115.6
153.5,112.7
174.9,107.6
167.4,99.4
193.8,94.7
157.1,118.4
162.0,75.5
170.8,92.1
174.2,101.0
181.4,100.1
180.0,97.5
151.0,104.2
169.6,46.5
149.6,57.6
147.1,99.7
168.3,93.1
146.4,110.1
141.7,60.9
187.4,95.7
193.2,105.8
188.7,58.9
189.5,107.6
166.5,47.0
198.6,86.0
146.4,50.7
190.9,97.3
197.8,90.2
147.0,42.9
160.3,100.1
157.8,53.8
176.9,103.0
175.1,88.0
158.9,109.7
189.1,80.6
180.6,41.4
150.3,89.3
141.5,58.7
169.9,93.7
195.1,83.6
157.0,90.2
160.2,115.7
147.1,52.0
163.2,49.4
152.8,76.0
143.9,111.2
175.5,42.2
148.0,108.1
172.3,46.2
193.7,70.5
159.7,84.8
157.9,56.5
182.6,79.8
176.8,42.0
173.7,99.2
140.8,77.0
192.5,82.5
143.1,81.2
195.2,69.0
186.3,92.5
185.5,99.9
159.1,51.3
164.3,40.8
176.9,57.4
197.1,57.2
194.4,77.7
166.1,70.5
143.6,85.8
177.9,88.7
144.3,44.8
186.4,104.8
166.9,107.3
194.6,57.1
149.8,88.3
175.0,58.1
158.4,50.8
184.3,71.1
180.7,82.3
142.0,51.4
182.5,56.2
143.2,72.3
194.8,74.8
153.6,101.9
191.0,49.8
194.0,117.2
140.3,107.7
182.2,54.2
165.2,92.8
143.9,51.7
174.9,114.2
194.9,83.5
155.2,68.1
158.6,108.1
186.3,107.0
161.6,110.7
163.5,93.4
156.0,92.5
175.8,104.8
152.7,49.6
165.6,52.3
188.9,67.6
176.7,93.8
189.5,83.2
173.5,58.2
188.4,70.1
177.8,75.3
183.6,73.1
166.2,69.6
161.9,70.4
155.7,83.5
177.1,43.2
148.5,98.7
179.9,95.4
182.0,53.9
161.8,100.7
143.5,95.1
148.8,55.6
175.2,110.5
181.3,111.6
173.5,40.3
140.4,116.8
148.8,69.8
149.2,52.2
150.8,98.0
197.3,52.6
145.9,43.2
169.7,41.9
159.6,119.9
185.3,93.4
192.0,55.4
189.1,65.9
183.0,69.4
148.9,76.2
186.2,65.6
185.8,42.7
183.0,46.7
197.8,81.7
190.4,69.5
188.1,63.2
160.3,48.6
163.2,42.1
164.4,97.1
159.5,44.0
184.5,105.1
179.6,71.7
160.0,67.9
167.0,84.6
195.9,93.2
158.3,104.8
185.3,59.8
183.7,56.5
188.4,100.2
197.0,44.8
178.8,74.6
172.0,51.5
180.2,53.3
156.5,94.0
192.1,68.3
185.8,105.4
152.0,108.0
163.8,84.0
157.0,86.4
146.1,103.3
148.5,86.6
143.0,62.9
160.0,40.2
156.9,46.2
199.5,103.3
159.6,40.3
145.1,51.7
150.7,110.8
168.7,84.5
154.0,119.9
187.6,45.7
154.9,94.3
161.8,44.5
171.4,56.6
183.6,111.4
199.7,63.4
141.2,49.1
167.9,51.9
165.6,94.3
180.0,54.0
149.4,91.6
150.4,77.1
183.7,55.2
194.2,46.7
141.9,93.2
141.7,92.4
140.4,75.5
184.2,83.3
173.7,64.8
152.3,113.6
169.9,114.0
180.7,89.5
159.3,84.9
152.9,76.7
144.6,116.0
161.8,96.5
161.8,57.9
148.8,103.6
181.7,86.4
178.0,75.7
147.5,70.7
163.0,98.3
186.4,60.4
155.7,97.8
147.5,90.0
194.7,102.9
187.0,59.2
180.7,98.9
185.9,46.7
141.0,114.8
174.9,93.8
149.7,85.6
140.2,53.6
175.8,77.7
176.6,78.5
150.7,93.8
144.3,98.2
161.2,115.5
169.1,57.7
180.7,49.8
167.3,89.1
196.8,63.4
147.8,74.8
191.9,44.0
173.9,93.8
154.0,104.3
176.9,101.8
178.0,41.1
158.8,91.3
144.9,84.9
159.4,63.2
161.1,106.5
188.2,106.5
166.2,73.2
153.1,89.9
151.3,44.3
158.9,101.9
191.9,106.8
159.4,43.5
149.7,74.2
176.2,59.0
158.8,79.1
174.9,92.6
157.5,110.4
198.0,80.1
156.4,76.5
168.7,48.7
167.8,49.9
197.5,66.5
198.3,104.6
156.0,70.6
174.9,75.2
174.5,66.2
193.9,96.5
170.7,65.6
157.5,68.0
144.3,101.0
157.5,43.1
177.1,47.3
162.5,67.0
154.8,73.5
179.1,105.6
147.6,49.6
186.3,118.2
160.5,118.2
145.5,115.0
165.3,108.0
142.3,63.8
199.5,109.0
146.7,51.5
148.9,40.8
178.5,76.3
154.0,106.1
149.3,118.9
156.8,111.2
164.6,55.9
142.0,95.5
194.3,41.8
186.0,108.9
194.8,54.5
153.5,56.5
166.4,47.8
166.6,82.2
175.8,42.9
147.2,94.1
161.1,46.5
193.4,72.2
179.1,106.4
140.7,73.1
154.3,90.6
142.0,90.6
170.5,86.7
189.1,114.1
194.4,79.0
183.8,55.0
144.0,50.0
156.2,113.0
188.0,75.5
160.5,87.1
179.1,58.2
178.3,99.2
180.9,63.2
181.9,62.9
160.6,92.4
151.8,116.1
162.1,62.6
152.7,100.0
146.6,73.1
143.4,108.0
160.9,108.2
184.6,84.7
192.9,117.7
186.0,99.9
176.3,108.7
194.6,61.6
159.0,85.2
191.8,92.1
142.5,98.3
158.0,85.5
178.8,109.2
167.9,119.4
161.3,67.4
156.1,83.1
171.3,54.3
158.4,66.2
176.7,110.8
196.2,79.1
150.7,58.4
194.5,104.7
150.1,72.8
172.9,117.2
188.4,113.7
174.2,67.6
183.1,62.7
143.8,111.4
155.0,115.7
150.3,44.6
175.3,111.3
185.8,112.0
188.2,55.6
167.4,111.2
144.3,89.4
147.9,62.5
170.9,60.4
170.8,98.8
168.7,112.1
180.2,108.3
161.9,45.4
165.2,58.6
165.5,43.6
188.4,53.2
165.4,117.6
151.3,81.9
196.9,79.0
145.4,76.6
194.3,86.7
152.4,61.0
167.9,111.8
155.9,87.7
189.9,66.7
150.8,110.8
199.2,77.1
175.8,87.5
152.9,112.8
182.5,93.1
153.4,92.1
145.7,88.5
199.2,52.8
183.1,90.2
164.7,95.3
178.4,42.8
181.7,96.9
162.4,82.3
181.1,77.1
191.2,95.1
146.1,99.7
146.3,87.3
173.9,55.5
161.5,106.5
167.0,86.7
165.2,119.4
165.8,99.4
141.8,53.7
197.9,115.1
160.5,118.2
150.4,117.2
178.3,103.3
194.0,67.3
173.3,48.5
162.8,69.8
160.3,101.1
173.2,120.0
154.9,115.4
161.0,112.6
148.8,96.8
197.6,44.5
173.9,73.9
144.4,40.9
157.2,59.1
175.5,80.1
172.7,43.1
161.4,64.5
185.2,68.7
162.5,64.9
192.9,73.1
158.2,47.6
196.9,96.0
177.8,70.3
170.9,91.0
199.8,47.0
165.1,80.9
150.0,114.8
181.4,100.3
169.3,49.5
155.1,93.0
142.6,89.9
168.3,85.1
196.5,114.7
149.1,88.8
179.3,103.0
165.1,120.0
179.4,83.7
159.0,40.5
163.6,106.5
141.9,77.5
148.0,77.7
148.0,117.0
182.7,99.1
192.5,97.8
171.0,110.4
180.9,57.9
167.1,45.9
156.2,110.5
171.2,64.0
151.1,69.3
190.6,48.1
154.1,96.0
183.4,105.5
173.2,79.8
150.1,99.3
141.4,80.1
154.3,116.8
143.3,107.7
199.0,55.4
166.5,67.2
141.2,112.3
183.1,61.9
153.5,44.4
195.1,106.4
166.4,67.1
199.2,46.4
143.6,89.2
152.9,62.8
174.3,40.3
183.9,79.9
188.0,83.4
182.1,58.1
145.9,114.3
182.8,44.2
184.6,103.5
178.3,97.3
161.4,101.0
199.4,117.8
192.8,92.8
166.9,75.3
143.8,71.2
171.3,115.0
165.6,101.9
163.9,115.2
174.3,106.5
158.2,68.5
177.7,102.1
189.6,66.9
186.3,52.0
165.6,86.9
180.4,118.4
149.0,91.7
154.6,65.0
183.1,94.8
171.2,78.3
154.6,114.3
148.0,85.8
143.0,102.0
147.1,102.0
195.3,105.1
154.1,46.4
164.0,63.9
148.7,62.3
167.6,47.1
162.8,99.5
191.7,68.8
187.8,74.9
182.4,69.0
177.5,81.6
164.1,76.5
140.5,96.9
175.1,85.1
190.9,113.8
157.9,120.0
187.3,111.6
143.0,65.0
155.6,51.3
158.2,90.4
189.4,99.5
156.6,108.8
140.1,83.7
156.8,97.0
185.4,107.5
190.6,60.1
144.5,74.1
189.6,80.7
169.8,68.9
197.2,115.5
153.4,83.5
149.8,40.3
164.2,55.0
190.9,98.6
145.2,111.0
166.1,74.4
166.6,84.0
182.6,86.2
185.5,43.6
164.0,80.8
188.7,107.5
142.7,64.0
156.3,71.1
185.7,80.6
188.5,69.6
175.0,55.9
167.7,68.2
164.5,82.5
146.1,78.4
181.2,49.7
194.5,63.8
143.2,63.0
153.6,90.9
184.2,51.9
198.3,55.1
144.1,41.2
143.4,106.5
146.5,85.8
182.7,113.9
174.4,95.2
175.2,67.6
192.8,80.2
187.0,41.5
151.5,104.8
175.1,109.2
163.6,68.5
164.5,81.9
146.1,64.7
180.8,64.9
157.7,77.8
155.4,67.6
151.7,63.1
176.7,76.7
188.3,71.6
186.9,99.7
192.6,109.8
172.1,48.6
144.4,47.3
174.9,43.6
148.1,50.9
194.0,71.7
181.2,104.7
167.9,76.4
157.0,117.2
166.7,49.2
170.8,49.2
175.2,86.2
189.2,74.1
199.4,59.0
196.2,73.4
178.8,57.2
159.6,54.4
150.2,100.6
154.5,62.3
161.3,65.6
173.4,47.2
167.2,69.8
166.8,87.7
152.2,61.8
187.1,77.6
195.0,105.8
149.6,94.4
199.7,59.1
170.5,112.7
183.7,114.5
187.2,94.8
168.4,58.7
141.9,115.6
177.5,53.5
166.5,88.1
194.5,44.8
169.0,84.5
188.9,70.1
184.9,68.2
148.6,60.4
198.9,88.5
173.0,69.8
171.9,72.8
149.2,109.1
154.6,44.1
190.2,64.3
149.4,43.3
165.6,93.5
140.5,44.0
154.8,72.4
176.7,90.8
178.6,81.1
183.9,97.3
152.8,92.3
168.1,116.0
164.7,50.7
176.8,113.4
151.1,83.9
147.9,98.1
183.8,104.2
194.1,50.0
166.4,63.7
147.5,64.8
153.1,66.5
145.2,44.5
189.8,59.5
149.7,85.3
172.5,62.2
199.0,95.2
188.1,88.4
143.5,57.5
170.0,81.1
172.6,97.1
155.6,111.5
164.0,69.6
181.4,119.1
166.0,119.6
150.2,90.1
151.8,90.5
172.6,67.3
177.0,94.8
198.9,112.6
169.8,41.3
156.1,84.3
161.2,54.3
183.2,44.9
177.9,100.4
193.4,105.5
169.5,61.2
162.7,56.3
187.7,79.6
172.9,72.9
154.4,51.1
184.5,45.5
143.7,69.0
149.6,76.3
184.6,78.9
178.4,90.9
191.5,107.6
192.7,111.8
158.7,64.7
173.6,82.8
170.0,96.2
161.7,92.1
141.5,106.2
148.7,74.6
195.3,64.7
179.0,70.6
174.8,95.2
197.2,104.6
162.0,96.6
140.2,93.1
177.5,61.1
170.3,84.9
151.1,118.2
161.6,108.9
168.2,75.9
144.2,82.5
188.1,44.4
180.8,45.0
146.3,71.9
143.9,119.1
199.6,104.8
142.8,55.2
175.0,100.1
140.6,69.3
155.1,51.5
183.4,84.3
151.0,55.5
157.8,80.7
178.9,64.2
146.0,63.8
170.4,106.4
167.4,98.8
184.0,58.6
191.0,111.0
161.4,50.8
176.6,93.4
175.5,111.4
169.2,60.4
161.3,94.4
181.0,71.1
165.7,49.4
167.4,45.1
171.4,100.3
184.0,91.1
197.8,72.1
163.7,108.9
141.1,92.0
159.4,90.1
162.5,45.3
157.2,84.1
171.8,104.4
164.4,69.9
172.6,117.0
141.4,112.6
180.9,65.3
176.9,88.9
146.5,105.3
143.6,110.3
168.7,75.5
173.4,112.1
194.3,67.5
181.3,77.1
172.8,43.0
149.4,100.7
153.0,83.9
156.3,94.5
150.6,96.3
161.4,54.4
189.0,55.4
194.1,81.6
186.6,56.9
195.6,65.1
169.0,116.0
156.3,58.7
152.1,98.9
140.4,88.9
152.9,109.9
182.5,110.4
170.5,63.8
149.8,42.4
196.8,115.0
190.1,89.5
151.9,79.0
194.1,87.5
153.8,59.7
142.0,93.7
148.4,66.5
145.6,119.7
170.7,80.3
149.8,74.9
177.2,101.7
182.2,96.2
142.2,90.1
190.3,79.3
190.6,116.9
169.7,62.6
180.5,68.8
163.9,47.0
173.0,78.2
167.0,41.3
146.5,55.9
199.6,91.8
159.5,76.2
198.0,43.6
145.9,57.6
158.0,95.8
170.8,69.3
162.2,57.6
168.7,100.2
181.4,52.7
166.8,82.8
199.7,68.7
148.8,75.6
143.9,97.8
176.7,103.6
174.9,48.7
156.7,78.1
159.2,119.1
195.9,79.9
195.5,67.9
141.8,44.2
167.2,81.0
193.1,63.4
198.9,109.0
156.8,86.9
152.6,71.8
172.9,64.4
152.6,47.8
169.6,94.5
150.6,40.4
192.4,96.5
194.6,68.2
165.7,46.5
159.8,107.2
178.2,71.8
180.4,111.9
168.0,90.3
198.8,76.0
183.1,45.1
195.8,100.2
160.2,94.0
175.7,68.5
159.5,87.0
160.8,67.3
195.7,70.3
199.0,73.2
158.5,63.2
141.8,78.7
192.4,68.5
153.4,74.7
146.0,58.1
153.7,113.7
153.4,97.4
194.1,90.8
172.8,42.3
155.5,94.1
189.8,67.2
158.1,113.8
162.4,98.6
194.9,108.0
154.4,81.0
185.9,42.3
157.8,118.1
198.3,55.2
142.6,77.8
184.8,42.1
140.5,73.4
143.9,82.4
183.3,67.1
175.4,108.9
178.6,71.0
145.1,102.0
164.1,93.9
187.8,72.9
189.1,78.1
182.9,119.4
146.5,93.0
165.7,98.4
161.5,87.1
197.4,43.1
187.2,44.8
187.2,98.9
196.3,88.5
188.3,77.9
172.0,51.0
173.4,98.1
181.2,96.0
192.4,51.9
152.2,117.8
156.0,111.0
159.4,110.3
178.3,90.6
191.7,97.9
183.5,114.5
174.5,103.5
193.0,94.1
146.9,54.1
151.9,83.6
153.8,66.9
164.3,94.3
185.6,97.9
149.9,40.0
198.5,49.6
151.0,66.5
190.1,112.1
176.1,56.6
186.7,51.8
142.3,75.2
170.4,103.2
152.8,58.7
175.7,94.2
168.6,67.4
150.1,74.6
199.8,48.9
174.5,50.2
142.0,60.3
172.1,49.0
169.6,40.6
143.5,51.6
160.6,93.6
145.6,41.6
191.1,68.0
176.4,91.9
153.8,103.1
177.5,105.4
190.6,100.0
169.2,113.8
167.8,72.2
195.1,102.0
175.2,43.6
163.8,46.6
190.9,93.6
176.2,85.7
173.2,90.4
183.3,115.3
182.6,53.5
188.7,80.9
179.1,70.6
185.7,64.2
182.1,67.6
145.5,85.5
167.5,100.1
198.1,83.1
141.3,97.2
165.3,116.8
181.5,83.8
160.7,62.0
185.8,56.3
162.2,95.3
174.5,119.1
148.4,45.2
143.7,43.1
164.9,117.1
191.3,69.7
148.4,101.7
156.2,87.4
141.7,85.7
153.0,45.3
152.6,107.3
158.9,99.4
165.1,88.3
171.4,114.9
177.0,59.5
168.3,74.0
197.6,110.1
180.6,73.7
145.1,111.3
172.1,115.8
200.0,113.5
188.4,76.8
175.7,81.4
173.0,77.3
168.3,79.4
150.1,89.4
171.3,67.0
186.0,78.2
168.3,117.5
175.8,74.5
187.5,116.8
188.6,88.8
163.6,106.2
182.8,70.1
145.3,74.4
170.2,50.4
155.8,42.0
147.1,79.0
163.2,77.9
160.0,85.8
152.9,95.4
185.2,50.6
185.0,74.9
143.2,58.1
192.5,104.7
158.3,47.8
169.7,113.7
174.3,95.8
198.2,96.9
146.5,117.0
153.6,79.8
174.7,61.7
183.9,103.2
177.5,66.6
176.4,80.3
147.3,104.6
154.6,72.4
171.7,87.2
195.2,111.8
183.2,117.9
164.4,44.1
151.5,71.8
153.0,77.4
167.5,51.5
182.7,62.1
182.5,73.2
153.3,99.0
147.3,58.0
151.5,88.5
181.2,43.0
172.0,84.3
196.7,91.1
163.5,49.6
167.7,107.0
164.8,77.6
164.7,52.8
140.8,48.2
188.3,81.7
170.2,87.7
146.6,94.1
197.6,79.3
180.2,66.6
181.4,92.6
153.5,85.4
162.4,104.2
188.4,104.9
182.1,59.4
191.5,68.8
183.4,93.9
152.4,96.4
159.1,55.2
147.2,84.2
158.0,117.3
192.7,49.7
157.6,108.8
193.5,90.6
145.2,63.2
183.3,115.9
194.6,97.7
169.2,52.9
189.6,84.6
155.9,57.6
154.2,78.1
198.1,66.9
154.6,87.9
151.8,89.6
179.1,84.5
174.0,113.7
198.2,66.2
199.8,59.2
181.5,82.0
153.6,78.9
193.0,116.2
178.3,44.0
181.8,106.6
186.7,98.5
158.3,60.6
173.1,92.2
150.9,101.1
173.3,45.0
155.7,63.4
158.5,89.5
168.8,58.4
144.7,64.9
160.1,69.7
152.7,105.7
168.9,76.5
175.3,101.5
146.3,96.2
154.7,43.4
149.2,50.8
194.5,103.2
193.0,119.2
140.9,95.4
199.3,85.1
144.8,58.0
161.4,103.3
152.8,101.6
183.6,62.8
177.4,48.0
187.9,111.8
171.0,94.1
170.7,81.1
187.5,119.7
175.8,114.3
198.5,89.7
189.2,104.7
189.1,80.9
181.3,116.7
165.8,105.2
158.7,63.2
193.9,109.7
175.7,49.2
173.3,50.7
178.7,110.4
181.0,71.8
194.7,99.1
148.5,107.1
169.8,89.0
195.1,91.9
150.2,109.2
147.3,50.5
187.2,73.8
195.3,90.9
163.4,40.3
176.5,43.9
148.3,71.8
197.3,79.8
142.9,108.2
162.4,96.8
168.7,83.2
193.5,90.9
180.1,74.4
165.0,118.8
162.7,41.9
164.0,75.5
155.8,94.9
171.1,116.7
143.7,48.7
193.5,117.4
179.0,70.9
183.5,116.3
198.4,118.7
153.3,102.8
155.3,104.2
142.0,102.8
143.6,91.0
178.0,52.3
163.8,85.4
162.7,83.2
165.2,47.6
166.3,105.7
166.0,93.2
178.3,105.9
175.1,54.7
148.8,40.1
143.2,54.2
199.8,71.4
196.0,69.3
150.0,49.5
173.6,61.1
189.4,66.6
199.3,65.7
187.1,40.5
184.2,52.1
176.9,111.2
191.5,51.2
147.5,103.3
164.7,82.5
152.3,114.5
145.1,65.7
165.5,82.0
149.5,98.0
140.1,95.3
142.2,77.3
183.1,70.7
157.5,63.5
185.6,104.9
144.0,99.7
178.8,63.9
142.0,62.3
181.4,49.3
185.1,88.8
164.4,70.7
197.6,101.7
177.7,112.0
162.1,103.1
149.5,84.5
145.5,69.5
192.7,101.5
143.0,85.1
183.7,103.8
155.3,91.3
187.5,101.6
169.9,109.8
163.5,114.1
166.6,49.3
163.6,78.9
180.7,88.0
170.1,53.2
152.8,45.5
169.3,79.4
156.3,54.2
189.7,82.9
143.6,59.9
197.6,44.5
170.6,44.6
172.5,83.6
183.5,73.4
163.1,120.0
151.3,88.1
146.2,94.8
155.9,54.8
175.5,44.2
154.4,99.8
196.9,41.9
176.2,109.0
156.6,113.0
168.7,113.2
145.6,70.0
169.5,109.0
191.7,106.0
186.6,89.6
161.2,114.9
169.0,111.0
165.5,80.5
173.5,60.8
146.8,96.9
169.9,117.1
171.4,90.3
162.3,108.0
191.4,52.6
171.4,56.4
175.4,90.0
174.8,88.5
160.4,93.7
145.6,70.7
150.2,117.9
176.0,78.3
142.6,56.7
151.3,114.0
192.1,88.0
186.7,114.1
167.9,67.8
152.8,67.7
154.9,63.5
157.5,68.1
187.0,84.8
175.9,50.2
159.2,44.1
156.0,49.5
198.8,116.1
198.8,103.4
182.0,118.9
192.3,62.9
142.4,77.1
155.6,60.4
190.3,95.8
176.6,84.1
163.6,88.1
174.7,73.3
187.1,76.7
175.7,47.5
199.7,112.0
194.3,58.0
141.2,91.2
155.7,82.2
150.3,74.7
167.8,52.0
187.6,78.8
178.8,92.7
184.6,62.7
179.6,112.9
180.9,57.7
144.4,85.2
176.3,60.6
188.4,71.9
156.7,49.2
173.8,67.3
186.1,76.2
192.4,66.1
193.0,108.7
200.0,71.1
155.4,51.8
195.8,100.8
175.1,48.4
197.6,72.2
194.0,111.1
177.3,93.1
167.2,46.5
180.8,99.6
170.6,80.6
191.2,72.1
177.5,44.9
149.5,102.3
168.0,49.5
196.1,112.7
195.9,109.1
157.8,95.3
199.0,76.6
189.4,77.4
163.3,95.2
183.9,93.3
179.5,95.2
169.3,53.3
159.1,97.6
140.8,52.7
165.7,57.0
159.3,47.5
179.3,87.1
159.2,70.7
189.1,55.8
179.3,58.8
155.9,93.8
141.3,46.3
172.7,56.6
195.5,43.0
174.9,96.5
161.7,91.2
184.2,59.2
158.1,54.9
159.5,75.3
156.9,114.3
156.2,42.3
153.3,92.7
173.9,83.5
147.1,93.3
144.5,46.4
186.6,80.6
175.4,65.5
142.2,43.8
183.8,60.2
196.5,93.3
161.1,75.3
197.6,118.1
150.6,80.0
195.1,87.6
184.4,103.8
144.5,91.0
158.6,86.9
144.5,47.2
199.7,75.0
179.7,83.1
152.6,112.9
183.8,96.8
150.9,49.2
158.0,44.9
154.8,56.6
186.4,118.1
175.1,111.6
157.9,89.4
187.1,98.4
165.7,89.3
142.8,72.0
157.0,83.2
154.9,88.6
192.3,109.9
150.3,104.8
157.6,96.4
144.2,41.9
156.1,88.4
146.6,95.3
166.8,105.8
166.1,52.8
175.0,105.8
147.6,109.6
155.2,61.4
180.3,65.6
142.7,87.4
189.6,63.5
176.2,65.4
175.6,107.4
184.9,85.3
153.1,64.5
146.2,96.5
161.3,42.6
176.5,111.9
172.4,100.7
185.3,68.2
199.7,62.2
188.9,112.2
160.0,107.6
188.8,96.5
167.5,106.4
173.6,100.4
175.0,104.3
192.9,98.1
182.1,104.7
182.8,42.9
193.2,61.2
182.5,100.8
178.9,92.2
198.2,42.5
195.4,47.1
140.6,113.4
169.1,97.5
184.8,57.3
157.2,93.0
164.3,53.9
183.5,93.8
174.0,93.7
151.0,108.1
178.6,49.9
159.3,74.5
195.2,69.2
196.9,86.1
192.1,83.3
184.1,109.7
166.2,99.6
181.9,108.7
152.1,94.1
198.3,106.8
192.6,45.1
196.2,103.0
175.0,46.9
187.3,70.5
176.3,83.0
173.5,113.9
197.1,115.2
162.3,72.3
194.8,48.3
174.7,54.9
140.5,117.4
187.5,99.9
164.8,77.5
195.3,42.6
174.5,76.2
186.4,71.4
195.9,84.2
158.6,110.8
173.1,89.4
142.4,85.9
155.5,64.7
189.9,81.9
183.4,93.0
165.2,60.9
164.0,73.3
175.6,82.8
197.9,105.6
182.5,97.3
193.5,86.5
142.1,45.5
173.8,110.9
148.9,84.8
187.6,45.2
172.7,103.9
195.1,52.7
178.4,116.8
169.3,52.3
187.4,81.0
167.1,82.0
160.0,52.1
150.1,96.2
165.7,106.7
178.6,112.1
149.6,116.5
153.9,87.4
163.3,63.1
161.5,87.4
176.6,116.4
196.4,56.0
147.6,117.6
187.4,70.9
182.1,63.9
166.2,99.5
190.1,49.8
155.6,84.7
153.9,111.1
189.4,65.3
142.0,51.3
147.7,68.4
178.9,99.1
141.1,57.9
193.9,81.1
182.8,65.1
140.1,81.9
161.7,70.2
162.8,91.8
194.6,58.0
176.6,63.4
161.3,91.4
151.5,107.7
155.4,48.9
158.0,99.5
164.8,56.2
151.0,44.4
163.3,67.7
158.5,76.4
150.3,95.4
150.6,86.3
183.7,103.0
140.9,99.0
175.8,98.1
159.1,76.3
176.5,46.2
152.4,51.5
182.4,104.2
142.5,108.3
176.3,80.5
186.1,76.5
167.7,51.9
181.6,47.8
150.0,50.6
172.0,85.8
182.2,112.5
189.6,90.1
144.8,77.3
187.4,94.4
143.0,94.4
173.3,110.4
194.0,44.6
142.4,61.4
182.7,55.3
151.8,71.9
177.4,114.4
162.3,98.0
151.2,108.9
199.4,93.5
189.8,117.0
180.1,91.4
149.9,65.8
147.9,56.2
158.1,103.9
194.4,68.7
157.8,82.6
153.7,91.8
148.1,79.7
183.9,69.6
184.1,40.6
197.1,58.8
151.2,64.4
140.9,63.2
179.4,75.0
161.8,105.1
155.5,116.7
177.8,91.4
173.7,50.9
175.1,102.9
161.7,44.4
197.6,81.4
160.1,117.0
166.6,59.2
179.9,53.9
183.6,89.4
167.3,113.6
140.3,113.4
173.4,88.1
145.8,82.1
192.3,57.6
150.5,42.7
175.8,80.5
187.8,113.3
183.8,42.2
196.1,97.7
186.7,63.6
173.6,56.8
163.2,111.3
178.5,74.6
152.3,56.7
142.7,67.5
179.9,53.6
196.7,64.9
178.5,62.3
173.6,70.8
169.7,91.8
172.5,104.3
165.2,88.1
191.1,62.8
166.4,102.1
154.6,42.2
179.1,51.8
198.8,73.6
188.3,53.4
196.6,100.5
193.5,71.7
163.1,99.9
143.8,69.2
197.6,49.0
174.3,72.4
198.3,57.6
196.8,113.3
186.6,100.1
174.1,52.0
143.8,78.6
190.5,46.1
194.0,78.3
170.5,91.0
199.1,100.2
181.2,57.0
180.7,91.7
149.2,71.1
148.6,96.7
185.7,106.7
174.4,83.1
157.5,106.7
148.6,118.8
149.8,92.7
196.8,42.0
177.7,86.2
194.9,61.9
185.4,55.4
193.8,112.9
153.5,111.2
161.3,78.2
180.0,59.8
161.0,46.2
179.6,53.6
149.8,95.1
199.8,97.0
168.0,95.0
156.9,54.2
145.6,101.9
185.4,87.7
159.0,117.4
147.6,87.7
163.7,48.0
160.7,82.0
154.3,63.6
170.5,99.2
164.9,61.1
169.1,72.9
162.2,65.0
157.6,106.0
165.9,67.6
142.6,88.8
152.7,54.8
171.7,86.4
170.2,73.6
174.0,46.0
164.1,46.2
191.3,96.5
174.5,56.9
176.1,92.8
152.6,63.9
167.9,51.9
156.2,112.1
158.7,69.7
170.4,40.9
180.5,51.5
199.3,99.9
150.8,106.9
197.6,110.6
160.6,86.9
194.0,92.1
169.9,72.6
165.2,84.2
178.4,49.8
154.0,68.2
181.0,58.5
167.8,101.1
180.3,105.6
149.3,77.9
186.1,95.7
189.3,41.5
163.2,92.0
169.3,49.1
161.9,99.0
148.1,73.0
163.5,51.9
145.6,45.9
151.9,96.4
164.0,71.0
164.9,106.9
175.0,100.2
191.8,54.7
161.7,41.1
179.0,105.1
157.2,58.5
177.5,94.1
170.3,66.8
162.0,101.9
199.4,92.0
188.3,74.7
186.8,99.1
150.0,66.2
185.5,90.4
172.3,53.6
192.9,100.3
153.8,109.8
149.6,110.7
141.7,108.0
180.3,69.9
195.8,49.8
145.6,48.8
187.2,97.1
185.2,91.2
145.0,100.1
184.6,116.0
181.1,111.2
199.7,89.7
159.3,105.5
149.2,112.8
180.2,101.8
161.1,116.8
195.8,78.0
196.6,60.6
146.1,54.9
198.7,40.7
163.2,49.5
143.4,49.3
142.9,55.6
191.2,46.9
191.4,116.0
164.7,42.5
189.1,103.3
172.0,100.6
197.6,80.6
163.0,107.5
194.2,49.3
199.5,63.7
162.7,87.5
156.6,82.3
181.0,100.2
140.9,118.3
157.2,89.9
180.1,99.6
159.9,46.5
174.2,108.3
146.3,55.5
150.0,85.6
167.3,72.6
198.6,110.1
184.8,68.7
190.2,97.6
167.0,87.2
191.9,98.8
159.0,112.6
193.0,101.9
174.8,72.5
175.1,111.7
194.6,79.5
186.0,103.8
179.7,54.1
178.5,103.2
186.4,72.7
188.7,55.8
172.0,113.8
190.3,69.5
143.9,100.5
164.0,50.5
160.1,68.5
142.4,70.9
168.9,82.7
142.3,106.2
190.7,47.6
163.3,49.0
180.7,70.9
148.5,40.6
153.5,41.4
143.2,114.4
173.2,76.4
169.8,79.3
145.3,112.2
187.5,45.3
181.2,66.6
142.5,91.7
149.6,60.5
152.3,99.5
173.7,119.5
156.3,59.0
177.8,91.7
177.2,62.1
143.7,89.7
162.7,62.3
188.3,42.2
152.6,78.2
142.9,43.0
149.1,67.8
156.3,117.4
184.4,65.0
195.4,42.2
198.6,58.0
165.8,76.3
178.9,43.9
185.5,77.1
196.1,44.3
158.1,63.3
177.6,90.7
144.2,77.9
149.1,110.4
175.6,73.5
192.6,107.1
183.4,77.6
184.3,87.4
179.4,51.3
187.0,62.9
179.7,117.6
185.5,72.8
146.3,45.8
164.5,58.1
157.8,83.2
172.6,59.4
171.8,118.6
159.5,100.8
155.0,119.2
154.2,53.4
194.0,86.1
169.4,74.2
183.2,91.1
160.0,77.1
190.0,80.1
168.9,117.2
177.4,66.1
176.3,103.0
196.9,41.1
165.7,77.7
140.8,87.2
174.0,42.0
183.7,46.5
177.9,96.4
159.8,91.3
173.4,82.3
160.8,106.3
172.8,57.7
191.8,51.5
191.5,99.3
168.9,68.1
144.4,87.7
185.6,99.7
151.3,115.4
148.9,78.9
143.4,76.9
183.9,42.1
179.8,116.0
158.7,76.4
150.7,99.6
172.1,70.7
173.5,106.2
158.4,101.4
192.8,118.5
174.1,48.8
160.8,93.4
187.1,100.3
183.9,64.7
152.6,84.3
147.9,115.0
159.6,70.9
153.6,58.4
189.5,89.7
179.7,43.6
158.6,65.3
182.6,81.9
161.1,71.5
188.6,65.0
143.7,117.5
170.5,56.3
166.1,53.3
184.7,114.2
178.2,52.6
199.9,67.5
174.7,66.5
150.8,112.6
171.7,108.3
179.1,106.7
199.7,45.9
194.7,113.9
183.1,85.3
164.5,62.1
143.3,95.4
170.8,102.8
199.4,60.9
182.0,43.2
195.0,99.1
161.5,83.3
154.1,83.3
140.6,89.9
165.2,45.0
146.4,89.9
168.1,78.0
196.9,54.0
155.0,78.4
191.4,60.0
176.2,107.8
144.2,56.0
160.3,73.7
140.3,90.7
154.8,51.2
199.8,64.0
163.4,109.1
193.6,100.1
195.3,111.7
172.6,61.5
143.4,100.7
178.7,49.1
163.0,92.0
140.3,43.5
191.5,81.8
159.2,91.4
141.0,86.7
174.9,88.9
148.4,47.2
173.9,85.2
164.6,83.4
160.6,111.1
155.7,55.3
190.0,83.2
168.4,46.3
198.8,103.4
145.2,80.5
141.2,59.1
141.9,53.9
166.5,44.0
141.3,55.8
187.2,47.7
195.1,54.9
143.6,60.7
143.7,105.8
175.9,94.8
185.7,62.8
176.4,83.3
178.7,52.1
148.6,40.2
177.9,55.6
180.9,95.8
173.6,81.3
166.9,87.7
185.4,75.2
158.6,72.5
167.4,106.0
185.6,71.8
185.1,40.4
178.9,79.1
178.6,107.2
180.0,111.6
143.1,105.1
192.6,71.5
180.0,75.7
152.7,71.3
169.0,44.7
166.4,53.9
189.9,84.0
169.1,106.8
180.7,48.0
176.4,64.8
199.4,107.5
182.6,50.7
143.6,47.1
146.1,44.8
156.5,105.7
159.8,64.1
146.1,98.9
166.8,63.7
177.1,80.1
152.2,88.0
152.9,102.6
157.9,104.5
188.5,48.3
187.9,63.4
154.4,52.0
174.7,107.6
177.9,86.5
173.7,106.1
140.7,78.3
180.4,64.8
149.1,118.3
152.1,53.5
190.4,115.9
141.3,73.6
142.9,51.2
177.7,48.1
160.1,99.5
174.7,114.0
192.3,54.0
174.2,55.2
198.0,99.7
151.2,97.4
168.4,109.3
160.1,102.9
198.1,91.2
175.1,43.2
160.0,76.5
142.7,82.4
171.1,108.6
148.9,53.1
199.6,41.0
161.2,53.0
163.5,109.9
162.7,59.7
153.1,80.8
169.8,63.9
189.6,49.0
182.4,48.2
140.1,117.3
166.1,101.9
154.3,56.0
164.2,119.2
195.5,64.0
195.5,79.5
166.3,41.9
189.8,91.5
163.4,65.4
162.0,64.7
165.5,55.8
197.5,53.5
191.7,50.0
184.9,55.0
174.4,91.3
162.3,104.9
149.3,92.6
189.4,86.3
173.5,64.4
173.4,56.1
186.0,92.9
164.4,107.0
170.8,96.8
146.5,114.3
147.0,67.2
170.9,81.5
197.1,66.1
153.3,49.4
196.4,40.9
188.1,114.7
186.8,73.0
164.2,58.5
157.1,98.7
197.2,75.0
189.1,81.0
171.8,74.8
198.5,40.8
154.1,79.2
152.9,79.4
156.2,119.9
171.8,116.5
172.6,78.4
158.4,42.0
143.9,102.0
163.1,105.1
166.2,43.2
170.7,76.6
180.7,68.1
153.4,77.3
166.1,95.8
156.7,106.5
181.5,74.7
176.5,45.3
196.0,65.4
178.8,101.0
166.6,79.2
192.0,54.7
178.2,44.9
181.8,100.8
163.0,101.4
178.4,60.5
197.7,95.9
143.4,76.3
190.8,78.9
147.5,104.6
194.4,102.3
188.6,83.3
154.4,56.0
188.0,57.2
177.9,91.5
147.9,46.2
156.9,97.0
150.3,70.0
194.3,61.4
180.3,119.4
153.2,56.8
153.7,91.2
147.1,99.2
162.9,92.6
142.0,63.3
162.2,89.2
158.9,80.3
186.0,70.9
145.5,64.3
185.0,98.2
179.1,116.1
193.9,91.7
198.9,43.2
198.0,71.8
158.5,101.3
177.1,59.7
197.3,71.5
176.2,79.2
180.8,46.1
174.3,56.5
167.8,102.8
197.3,63.8
155.8,82.1
182.9,91.7
152.2,64.0
181.0,98.0
167.7,44.9
140.3,40.4
181.4,84.3
158.6,90.1
183.2,47.0
174.2,65.3
164.6,73.5
162.9,77.3
155.4,89.1
179.2,94.7
161.4,69.1
183.9,67.9
148.4,72.6
150.3,76.0
185.1,56.4
158.4,59.8
188.0,82.5
171.3,98.5
197.1,85.0
145.9,93.5
152.8,77.4
177.1,85.3
198.9,86.4
153.0,109.3
140.3,113.7
164.6,107.9
176.5,114.7
199.4,107.2
152.9,74.7
148.9,46.6
198.1,105.7
140.3,61.3
162.9,91.7
182.5,49.6
189.2,99.2
174.1,116.4
199.7,81.6
169.6,81.4
179.9,95.2
171.7,108.7
180.7,69.8
178.9,93.5
149.6,117.1
144.1,46.2
173.1,67.7
172.6,56.1
186.5,98.4
193.3,57.8
167.8,58.3
160.0,113.4
141.0,62.1
184.5,69.9
189.6,68.1
182.7,57.5
195.3,41.4
186.3,72.6
173.3,42.2
160.0,97.8
163.6,85.5
143.3,117.3
185.0,70.5
170.7,96.1
170.7,55.2
155.0,56.5
167.2,58.4
197.3,113.7
191.0,107.3
185.8,106.7
181.4,69.2
187.8,47.1
142.0,109.0
194.7,44.1
185.7,116.5
197.6,57.8
158.6,90.3
145.4,101.8
165.2,94.4
156.2,78.0
156.4,60.0
164.8,102.7
154.7,69.1
148.4,105.6
145.3,92.9
147.1,58.7
192.2,102.9
170.8,101.2
141.5,41.2
169.1,69.6
194.2,99.3
153.4,113.4
175.2,93.4
183.4,51.3
144.7,42.3
146.2,91.7
145.5,100.9
199.1,49.4
190.9,44.6
145.1,66.2
171.8,110.0
159.8,109.4
182.6,102.2
165.9,47.6
143.3,47.0
179.6,76.4
170.1,113.5
167.3,73.4
146.3,104.8
180.2,60.4
146.3,64.5
163.0,69.6
175.0,81.6
156.7,43.1
196.8,97.1
148.4,47.8
152.0,92.0
177.2,113.8
156.7,114.7
169.7,61.5
155.8,66.2
156.1,67.6
142.9,80.2
187.8,96.6
162.8,92.0
143.9,54.1
156.6,44.1
161.2,73.3
148.5,86.8
141.3,42.5
167.6,72.3
156.4,102.8
143.7,112.7
147.7,66.9
175.8,108.0
175.2,102.3
168.0,73.4
144.4,86.1
197.2,64.3
156.8,75.7
169.3,106.6
164.9,91.9
197.6,86.9
187.4,88.3
185.4,42.4
181.5,71.0
188.1,85.9
143.3,108.4
141.3,109.0
175.2,82.7
185.7,113.3
182.4,56.2
175.8,92.2
151.2,84.3
181.1,108.4
141.4,58.9
186.3,115.8
156.0,91.8
155.6,48.9
185.2,43.1
143.1,71.3
146.0,68.8
148.4,88.1
149.1,72.4
161.6,111.5
151.8,66.2
197.0,87.4
198.3,53.3
181.3,81.9
165.6,103.5
196.6,99.8
156.9,73.1
140.2,107.2
193.8,96.3
158.2,97.3
173.8,97.1
159.3,68.2
176.9,113.3
167.9,43.6
158.3,108.1
179.1,99.8
152.8,83.9
158.1,61.3
195.9,88.6
157.9,44.2
147.6,50.8
180.3,52.8
149.5,57.3
185.0,111.0
158.4,69.2
150.9,115.3
190.0,66.2
195.1,82.3
196.0,45.4
166.6,77.4
144.4,72.9
164.9,100.9
161.0,97.8
195.5,46.9
159.4,82.3
142.0,87.5
185.9,87.8
149.9,101.3
183.1,85.6
142.2,93.2
163.1,113.8
154.4,57.3
140.7,88.5
199.2,84.7
167.8,57.9
196.0,118.9
175.4,89.8
157.1,54.3
182.5,98.6
197.2,75.3
192.3,56.4
168.4,115.2
196.0,44.2
170.0,112.7
165.1,108.1
176.5,57.2
187.1,61.1
198.5,98.5
150.9,68.3
180.9,87.2
149.3,61.3
151.6,104.3
154.1,79.1
161.0,74.2
184.4,88.3
149.5,98.0
165.2,105.9
182.8,105.2
181.7,102.3
160.7,61.0
195.2,80.7
169.1,62.4
191.8,105.8
176.1,64.5
162.1,109.2
196.5,58.6
186.3,56.7
189.5,108.8
154.2,109.4
162.1,46.6
158.7,60.8
164.6,71.2
170.1,45.3
174.0,57.5
147.0,57.2
199.2,73.3
157.4,107.7
141.6,72.9
175.4,75.9
184.7,98.3
198.9,74.5
173.8,106.3
154.4,91.8
186.1,82.4
145.7,46.9
190.6,98.5
155.8,112.5
181.9,50.8
155.7,116.2
149.2,80.9
146.7,108.1
192.8,61.3
187.0,44.0
140.7,86.7
196.1,109.6
141.3,62.1
152.9,53.6
179.6,103.9
181.5,79.7
150.5,106.9
143.6,91.3
144.9,45.1
188.6,65.9
190.7,87.5
149.7,58.0
196.3,57.7
156.6,118.7
181.9,87.0
149.3,109.2
180.4,54.8
175.6,119.5
154.5,52.8
193.0,86.6
198.6,85.8
192.3,113.9
193.5,93.1
164.7,54.2
178.9,40.5
154.0,89.3
185.5,44.3
174.5,64.9
185.2,89.2
196.0,82.2
144.8,53.5
187.8,72.6
174.7,81.8
141.6,97.2
144.6,106.2
188.1,77.6
180.2,115.8
190.0,69.1
187.8,99.2
155.9,89.8
150.5,70.7
183.2,98.8
197.9,113.3
153.0,105.5
180.3,49.8
180.0,51.3
151.9,80.4
180.9,67.1
145.7,73.6
160.3,74.5
160.8,63.7
188.3,40.2
146.3,58.4
167.5,92.1
149.3,66.6
156.3,115.6
166.1,80.6
140.5,83.9
182.3,107.9
178.2,44.8
177.2,85.3
162.7,81.0
168.7,55.0
181.7,62.1
184.7,54.4
184.5,93.7
154.3,95.7
159.1,77.0
188.3,45.1
153.7,102.1
199.6,64.5
194.1,59.5
175.3,54.8
181.1,66.7
187.4,103.6
143.2,99.1
177.6,114.6
193.4,80.4
140.2,89.7
180.1,96.0
146.2,69.5
187.5,47.4
146.3,69.5
144.8,104.1
171.9,70.9
199.9,118.5
193.9,90.1
166.5,98.6
150.3,72.1
141.3,57.0
163.7,61.0
186.3,50.1
180.6,69.2
152.8,72.4
184.3,59.0
147.8,90.2
166.1,43.4
192.2,118.1
168.3,91.1
167.6,75.6
153.4,91.2
144.8,96.4
171.1,117.5
181.6,107.7
195.1,64.7
151.3,116.3
144.5,45.2
152.3,80.1
154.5,80.3
143.3,69.2
160.2,96.4
143.7,75.1
199.3,67.7
192.8,49.4
165.8,51.6
159.3,58.3
184.7,97.2
145.2,82.9
177.8,107.3
150.0,70.9
181.8,58.3
141.4,109.5
164.6,89.6
163.8,74.5
187.8,97.3
196.3,71.2
173.2,113.0
141.0,118.0
176.8,83.2
160.9,97.6
159.2,117.6
142.2,63.4
180.4,88.2
177.5,112.7
143.8,76.5
175.7,64.7
192.6,80.5
158.3,63.4
148.7,55.3
153.2,118.9
198.2,85.8
155.7,61.6
173.6,87.1
147.1,48.4
142.2,96.2
173.9,81.2
166.4,110.3
145.8,108.1
198.5,102.6
173.4,118.4
160.9,55.6
181.6,52.3
189.5,41.4
168.9,116.9
169.5,47.0
194.2,63.7
184.3,93.6
141.9,55.5
173.9,79.9
140.9,102.5
143.2,100.4
189.9,80.1
193.5,96.7
185.9,87.6
184.2,116.8
148.7,110.3
190.2,52.1
144.0,47.3
194.2,76.3
181.2,98.6
191.1,63.6
141.0,116.7
192.5,74.4
150.1,95.4
155.0,59.8
149.6,96.8
191.2,48.6
164.7,48.3
186.2,45.0
143.2,85.1
151.2,99.6
160.0,101.3
176.8,57.4
168.7,89.9
161.3,59.0
151.4,47.1
180.8,87.5
153.5,46.8
154.4,72.2
158.2,48.7
155.4,42.5
185.8,74.1
171.3,82.8
154.7,44.1
171.5,42.8
170.5,51.7
168.3,75.2
178.4,113.8
146.3,108.0
193.5,72.3
177.7,111.4
158.2,64.9
162.5,80.5
141.0,67.7
198.4,61.8
186.8,68.0
146.5,86.8
164.3,50.9
190.1,87.2
160.5,98.0
192.5,79.6
189.1,93.2
141.8,116.4
143.3,96.3
157.8,75.7
150.6,116.9
183.3,60.6
160.1,57.2
180.4,86.1
144.2,91.3
188.3,107.8
198.6,41.3
182.8,102.5
158.9,99.3
180.9,55.5
150.6,115.4
192.9,107.3
194.3,93.0
195.1,42.4
185.9,93.1
164.3,81.7
165.9,72.2
169.0,100.4
153.4,89.1
152.8,64.7
199.1,94.0
192.5,48.0
193.4,66.0
151.7,69.9
196.1,78.5
149.1,98.3
164.4,118.2
196.3,83.2
183.6,119.2
183.5,59.1
142.8,113.4
172.4,46.7
170.1,48.1
147.8,78.6
195.3,64.8
152.9,49.2
197.7,80.6
144.5,100.8
190.5,77.5
167.0,86.9
161.8,89.3
154.6,112.6
149.3,45.4
162.8,100.0
154.0,100.1
177.2,61.9
147.0,76.0
166.3,116.7
192.7,48.5
197.0,92.6
162.6,73.4
193.2,61.8
190.0,48.0
182.5,53.7
151.3,109.7
168.5,80.2
150.3,105.5
187.4,119.4
143.4,84.6
152.6,99.9
193.8,44.4
164.7,77.2
150.6,61.6
190.6,66.8
189.5,63.1
157.4,51.3
193.4,43.4
141.2,93.4
179.1,99.2
168.1,50.0
177.9,40.7
140.9,92.8
182.0,85.2
141.2,85.3
195.8,53.4
144.4,113.6
180.9,57.6
191.1,61.0
196.6,118.8
195.2,55.1
148.7,87.0
162.6,88.2
171.4,73.4
145.1,105.4
192.0,94.6
172.6,58.2
195.2,92.3
199.7,66.5
181.9,100.3
185.9,72.2
149.6,43.5
174.4,65.9
169.7,98.0
193.7,68.1
163.8,59.7
181.2,86.2
169.4,86.2
197.9,61.9
178.3,96.7
147.6,46.6
155.7,80.4
185.7,106.4
152.6,89.5
174.6,94.9
144.7,93.8
156.1,46.3
140.3,75.5
187.9,114.8
168.4,82.1
171.5,60.9
181.5,106.9
190.9,59.5
161.5,84.1
148.0,82.3
176.2,70.5
149.0,92.9
186.4,51.6
197.7,100.2
157.5,50.0
158.3,87.9
158.6,117.2
166.8,95.6
183.0,108.7
178.4,56.4
172.0,60.7
160.1,111.3
151.3,113.9
191.3,83.7
140.8,99.9
151.5,94.2
175.6,87.0
153.2,78.0
162.5,95.5
176.7,46.8
196.8,82.9
154.0,46.2
186.5,47.3
198.6,56.1
148.3,117.6
197.8,100.1
151.2,72.7
173.9,83.4
195.1,64.8
196.7,42.6
193.5,101.6
193.1,68.4
151.5,104.9
145.3,64.0
192.4,103.3
192.8,81.7
189.7,41.1
151.2,120.0
140.5,43.3
198.2,41.0
173.1,97.5
187.6,62.3
140.1,66.9
177.8,55.9
183.1,92.9
176.8,90.0
145.3,104.0
172.7,57.5
144.6,117.0
163.0,48.8
169.1,64.7
143.9,97.2
166.6,53.5
172.9,51.4
175.0,102.2
162.8,101.5
190.9,111.2
190.5,62.0
154.6,78.8
187.4,106.3
162.6,102.1
175.3,84.2
144.9,74.1
153.1,63.7
196.2,60.2
148.0,57.2
146.5,56.2
172.4,89.1
196.6,75.2
145.7,46.4
184.4,84.8
146.0,54.7
188.2,100.2
153.6,48.0
183.0,96.4
151.8,92.3
183.8,41.0
188.9,108.9
159.1,107.0
166.5,116.9
185.7,69.4
195.5,73.0
184.8,99.2
196.1,48.5
181.3,92.7
145.7,52.9
161.7,49.6
192.8,40.0
165.5,71.1
197.1,61.9
184.0,111.9
197.5,60.7
149.0,43.8
178.1,43.1
198.7,98.6
163.8,64.5
158.9,71.0
173.7,95.1
161.8,53.8
199.1,47.7
173.9,71.8
140.5,66.7
148.5,80.6
160.5,60.0
197.1,61.2
170.9,62.9
169.2,50.7
174.3,78.2
142.2,82.0
173.6,90.0
140.7,63.0
166.9,48.5
191.9,46.4
180.6,86.4
179.3,40.3
192.4,82.2
192.5,99.8
180.5,52.9
160.5,41.8
177.6,105.5
195.4,106.9
150.3,102.4
166.3,73.0
194.9,94.5
162.4,94.7
194.5,92.8
173.3,93.2
154.8,56.0
174.8,106.2
178.4,66.7
196.5,109.0
158.3,82.9
175.9,54.0
176.9,73.1
173.9,49.5
166.2,93.8
167.1,62.7
189.4,106.0
187.8,112.5
183.6,80.3
171.5,91.8
168.3,72.4
160.0,92.5
180.0,72.5
141.7,114.9
147.6,115.5
187.5,68.1
199.2,116.2
191.9,111.1
152.8,105.2
149.8,45.4
174.4,50.2
185.7,46.3
185.7,85.9
147.9,71.7
162.1,77.9
190.9,106.2
167.3,101.6
187.3,111.9
157.7,69.4
148.9,62.9
189.1,110.0
166.3,76.6
153.1,83.2
185.0,53.4
170.6,95.2
182.1,72.9
196.5,61.2
178.9,70.9
174.6,68.5
193.0,112.5
185.4,75.4
179.0,74.7
190.5,50.3
150.9,82.0
147.7,119.8
153.2,60.3
164.8,109.8
162.3,108.2
152.7,50.4
151.6,75.1
147.2,107.3
177.8,98.8
189.3,52.6
164.7,100.4
168.5,73.2
170.2,109.3
165.2,44.3
177.4,106.8
182.4,104.0
145.8,53.8
195.5,43.8
161.5,76.3
184.2,75.5
141.0,114.3
184.5,84.1
186.8,66.2
167.9,71.6
169.8,49.1
146.8,42.7
161.1,112.7
182.1,43.1
165.1,58.1
160.9,83.0
172.8,106.2
161.8,91.6
193.9,113.4
194.0,61.0
151.1,112.8
150.7,100.1
186.4,80.1
176.3,108.0
151.8,100.4
193.0,109.5
180.4,52.2
181.6,88.2
194.2,118.0
153.9,113.0
174.0,96.7
174.1,99.6
152.2,59.9
165.2,115.7
191.3,57.4
183.9,97.7
184.8,59.4
192.5,76.0
168.9,70.4
155.7,90.3
153.0,101.4
197.3,119.9
180.7,98.2
166.2,112.6
157.3,85.3
150.5,66.7
170.5,58.9
184.0,52.6
144.9,86.0
142.4,103.5
151.0,100.4
196.5,54.4
191.6,87.3
156.1,74.6
162.8,85.8
187.4,87.1
175.5,114.1
149.4,115.2
186.8,65.3
164.6,98.4
149.7,102.6
168.3,46.0
140.8,71.0
160.2,85.2
150.0,75.4
192.4,72.4
178.6,70.9
165.1,79.5
147.0,87.4
191.8,98.0
144.6,43.8
157.2,92.9
196.2,99.9
181.1,59.6
194.2,119.6
171.6,65.1
179.3,104.1
158.6,113.4
140.8,48.8
187.4,116.9
195.0,89.5
169.3,51.2
171.2,117.0
192.3,59.4
192.7,57.3
179.0,105.2
160.1,44.9
158.0,110.5
179.0,115.8
168.1,51.3
192.0,46.7
184.6,119.6
170.0,70.7
161.0,119.4
162.3,111.1
161.5,88.8
164.2,92.1
162.9,80.8
189.1,84.4
165.4,73.2
148.3,79.7
164.3,119.8
158.9,85.7
188.6,45.8
166.8,80.7
145.5,77.5
150.9,97.2
188.9,79.3
179.0,54.2
177.7,70.0
167.3,99.1
143.5,68.0
164.0,64.6
154.8,107.6
199.2,48.2
161.4,54.1
141.9,97.8
168.0,89.7
165.2,117.8
173.0,112.7
188.9,62.5
179.5,53.9
189.6,99.4
154.3,107.3
167.6,117.5
196.2,43.9
163.0,75.1
144.0,46.2
181.4,103.9
175.9,51.3
167.0,40.8
176.6,78.9
159.6,62.8
185.5,63.6
196.3,63.3
172.1,115.8
152.5,60.8
178.5,73.7
159.5,73.5
159.1,46.7
181.1,88.3
140.2,59.2
160.7,40.1
157.5,54.7
142.0,100.9
187.9,119.0
180.0,46.8
181.3,43.7
176.4,65.4
141.3,105.4
148.0,98.0
153.2,53.3
179.1,58.9
148.8,59.8
161.0,89.3
151.0,110.1
170.9,102.3
146.1,63.2
151.1,44.8
185.6,113.8
171.5,104.9
176.5,90.7
199.7,72.5
141.1,74.3
168.4,69.5
196.6,49.3
187.0,104.5
187.9,82.9
142.5,104.6
144.7,45.5
159.8,99.3
159.3,52.8
187.5,85.1
184.3,64.9
154.1,70.1
180.3,97.8
143.6,63.3
145.8,103.4
166.8,70.4
198.9,100.8
163.2,108.4
184.3,93.6
153.4,100.6
197.9,43.5
175.8,102.7
160.7,59.9
178.2,109.4
172.3,91.7
184.5,59.4
183.0,118.7
183.1,87.3
191.6,113.7
141.1,75.0
171.1,48.4
184.5,102.9
192.1,110.7
194.2,52.7
197.4,76.4
182.8,94.7
167.1,53.1
160.5,58.3
159.9,73.3
147.3,64.4
181.4,96.0
171.1,54.4
159.9,84.1
178.9,77.9
163.4,48.5
199.8,45.6
182.3,101.7
164.1,89.9
186.9,109.0
188.6,107.9
150.9,118.9
140.7,83.4
145.6,74.3
181.5,100.0
165.8,44.9
154.3,84.7
157.8,106.3
184.6,42.7
190.0,47.2
161.1,99.2
163.6,85.9
166.5,73.0
167.1,71.7
144.9,66.6
187.4,50.3
166.7,57.7
192.9,115.3
172.8,109.5
159.2,51.8
192.0,117.1
168.7,64.3
169.9,89.2
184.6,56.3
163.7,76.2
158.8,55.5
189.8,59.7
180.1,68.0
140.7,77.0
160.3,74.5
156.6,96.0
178.5,73.1
195.3,106.7
145.7,45.1
184.4,79.1
162.1,64.1
151.1,99.5
165.6,101.1
169.6,52.2
172.6,102.5
196.6,98.3
152.6,113.1
154.3,93.1
191.3,105.8
148.3,55.5
149.6,100.2
167.2,94.3
196.8,93.4
191.4,101.7
153.0,96.4
143.6,82.6
195.1,84.9
189.7,70.7
178.2,92.2
142.7,114.0
170.8,90.1
164.1,95.3
180.2,77.9
190.0,56.5
172.8,64.1
189.2,54.0
167.7,43.0
179.0,50.1
189.5,66.6
192.8,89.2
158.6,71.5
171.4,66.1
186.1,105.1
170.0,103.5
182.6,84.1
164.1,79.8
153.5,94.2
152.3,57.9
142.1,102.8
154.6,114.9
172.4,62.5
147.4,78.9
156.6,69.5
195.8,55.1
149.5,65.7
179.6,47.3
155.3,102.9
146.1,92.4
184.9,82.1
142.4,100.5
187.5,41.1
198.1,42.6
188.6,89.2
174.4,84.2
171.2,115.2
151.0,116.0
149.2,97.4
144.2,57.3
165.7,103.1
145.9,58.5
183.7,75.7
165.9,82.6
165.9,66.3
171.1,88.5
167.2,51.1
197.4,54.8
144.6,54.5
156.0,92.1
146.4,75.9
178.6,98.0
175.2,52.6
149.6,70.2
194.3,56.8
158.2,110.8
140.4,75.7
194.7,82.9
140.4,118.9
194.3,65.3
163.2,54.9
148.5,92.9
157.1,65.3
155.9,53.0
190.3,53.3
176.3,94.6
160.8,107.8
161.0,98.8
169.5,113.6
195.3,118.1
195.9,69.1
152.5,56.0
180.1,44.6
189.7,43.0
172.2,43.4
148.3,110.7
160.0,65.1
183.2,119.8
178.9,86.5
143.6,76.0
152.0,52.6
187.2,106.1
165.3,74.9
165.9,57.6
156.9,50.9
169.4,112.0
145.2,118.3
143.3,115.9
154.7,91.9
197.0,85.7
154.8,69.9
170.6,60.6
186.7,90.7
175.3,55.6
158.5,58.4
160.6,64.2
148.2,119.8
148.0,117.4
141.3,113.4
144.6,96.6
182.3,56.8
184.9,41.0
162.6,84.8
188.7,48.5
188.3,82.6
196.3,98.0
186.0,42.9
175.4,101.3
197.7,64.0
150.0,86.6
196.7,85.0
161.7,79.1
182.7,76.4
174.9,63.7
178.2,87.6
184.3,49.6
187.3,92.2
140.6,54.5
147.5,65.5
145.6,116.9
157.5,116.7
159.7,87.8
178.8,65.3
194.5,71.3
161.0,83.2
198.6,108.8
198.8,48.0
151.2,78.2
143.8,49.2
196.4,61.8
190.3,77.3
199.8,65.2
144.0,64.3
155.4,75.1
182.5,80.0
176.8,71.6
145.4,67.1
148.8,51.1
191.0,107.0
179.8,53.5
155.2,89.1
176.8,94.9
162.3,50.7
169.8,98.7
166.1,52.5
191.0,71.4
192.6,107.5
173.9,49.0
163.1,41.0
166.1,51.0
150.6,48.5
161.5,50.7
142.4,102.8
165.1,84.8
157.1,110.7
184.7,81.2
156.9,79.5
181.3,72.7
145.5,102.5
153.6,113.1
178.1,46.5
168.4,89.8
158.8,57.1
170.6,84.2
152.7,63.3
167.2,82.4
169.3,93.6
178.5,99.5
154.3,52.9
143.6,89.6
171.9,85.4
147.8,108.8
178.2,102.0
167.8,47.8
187.3,53.1
197.9,112.5
156.9,65.8
163.3,46.9
186.9,40.2
166.4,113.2
157.7,118.2
192.4,40.8
140.6,97.7
157.0,107.4
187.4,62.5
196.4,43.1
190.8,117.8
182.6,59.7
153.6,113.2
179.2,44.7
147.1,108.1
163.7,60.9
159.4,117.3
162.3,83.4
156.8,99.9
167.3,104.2
164.9,52.9
144.8,71.5
156.4,68.0
175.7,84.1
185.7,106.7
146.8,45.0
164.6,108.0
193.7,118.2
154.1,55.1
199.6,85.2
199.0,113.7
188.3,72.3
142.8,100.6
184.8,118.3
198.7,109.8
146.6,115.8
182.1,117.4
157.7,63.4
195.5,85.1
147.8,111.0
158.0,44.8
166.8,66.8
144.9,76.0
148.9,102.0
159.0,83.5
168.5,79.5
147.1,61.5
146.3,96.5
188.1,116.1
184.1,75.7
184.8,64.4
173.6,51.9
173.9,97.7
169.6,69.6
168.6,106.7
196.4,112.3
171.4,74.7
183.5,71.7
177.9,42.5
193.5,98.8
165.3,61.0
160.4,43.0
169.2,52.3
152.0,74.4
150.3,75.9
173.4,43.3
150.9,118.0
147.9,116.2
142.9,107.0
194.4,99.9
179.8,73.6
196.1,55.3
165.9,92.9
155.6,90.2
192.6,77.5
157.2,84.1
197.7,53.7
159.5,48.3
184.3,74.2
157.5,112.0
165.2,99.9
173.5,70.8
158.1,53.5
189.7,115.5
164.1,91.4
145.8,65.7
150.8,117.5
165.1,49.6
143.6,46.4
144.1,101.1
181.6,118.5
157.2,75.8
166.0,41.1
190.0,101.7
152.0,82.9
158.8,101.3
178.6,98.0
141.9,62.3
176.0,77.5
198.4,51.7
166.5,119.7
192.4,70.9
191.2,72.8
185.7,97.0
141.2,65.9
176.8,75.6
168.1,113.6
164.7,95.2
164.7,94.4
180.8,82.4
187.5,69.3
151.2,111.2
186.1,47.0
161.8,92.6
172.3,93.8
164.6,104.2
142.7,42.0
174.6,62.2
145.2,44.8
142.6,91.0
161.9,112.0
195.8,53.8
178.0,84.8
196.3,118.6
142.9,99.7
178.4,105.8
173.7,116.8
188.8,116.3
195.9,117.4
171.8,76.2
178.7,96.5
172.0,92.3
160.3,41.7
182.0,76.7
165.7,44.5
151.4,71.6
184.2,104.6
161.5,43.7
142.3,44.2
178.8,57.5
175.1,118.1
162.1,65.6
178.5,59.5
149.1,89.4
155.0,86.3
187.5,70.9
165.0,108.1
179.8,116.3
156.7,81.5
189.1,112.9
175.5,111.2
165.4,116.7
170.0,105.3
157.5,101.1
184.6,112.2
149.5,113.1
161.5,96.6
156.8,109.6
142.3,41.6
153.5,99.3
197.6,87.7
170.5,57.0
179.1,71.8
164.3,81.6
151.9,99.5
174.4,61.8
164.7,113.0
141.3,71.1
178.0,96.2
164.2,119.1
196.8,113.9
189.3,107.7
167.7,46.9
197.3,40.6
182.4,46.4
180.6,80.5
190.2,68.7
176.0,96.9
148.2,50.1
146.1,87.6
175.5,103.5
192.5,56.1
167.3,74.3
184.3,100.6
161.9,102.0
166.4,100.2
183.2,59.5
140.2,103.6
181.1,114.8
172.0,60.8
192.6,51.3
193.9,56.9
143.3,55.8
159.7,45.2
164.2,113.1
155.1,118.1
199.4,103.1
174.6,55.2
153.2,71.9
148.1,44.7
198.7,72.1
168.8,106.5
174.3,65.0
188.9,59.1
160.0,82.8
144.5,63.4
195.4,108.1
187.0,76.3
155.3,53.3
197.7,88.9
193.7,118.4
153.7,98.1
140.6,100.3
153.4,67.6
146.2,57.7
151.6,49.9
157.8,82.0
154.0,86.7
168.5,107.5
152.2,44.4
141.9,53.7
161.0,103.8
154.9,70.8
154.7,98.0
152.8,104.4
156.9,66.4
164.4,40.7
147.1,65.4
160.5,102.7
178.2,112.0
165.1,69.1
165.1,63.5
166.6,110.6
172.4,90.0
188.7,72.9
154.2,119.2
150.6,54.8
147.8,43.2
141.6,110.2
149.1,89.5
162.4,43.1
183.6,49.7
152.9,53.7
184.9,82.8
198.8,55.5
186.4,77.1
153.4,60.6
188.1,97.1
171.0,65.5
188.5,107.2
145.7,48.1
155.1,78.2
169.0,71.3
178.3,65.9
194.1,94.0
197.8,112.2
181.4,117.8
177.4,108.2
151.7,64.4
184.4,66.4
149.4,47.6
144.8,50.2
144.9,101.3
184.2,116.7
178.8,57.6
174.9,101.3
185.3,60.4
147.6,93.1
193.8,46.8
199.9,65.6
149.9,52.9
172.1,97.3
150.1,60.2
152.9,80.0
182.8,84.1
187.2,106.4
189.3,96.1
142.3,114.4
191.7,55.3
154.2,76.2
172.4,61.2
152.6,88.4
193.1,82.9
155.6,76.2
153.2,68.1
161.3,59.4
154.9,99.3
153.8,85.1
144.7,88.1
165.2,63.1
194.3,44.9
142.0,49.2
164.2,76.9
180.3,42.9
183.6,53.1
195.1,87.8
166.4,100.5
149.0,63.3
178.7,97.5
168.6,40.6
158.7,49.9
163.4,110.0
147.9,83.3
172.5,59.3
157.0,113.7
179.1,52.0
170.0,93.5
178.8,81.5
148.3,71.4
194.9,74.1
178.4,96.8
197.4,109.2
190.2,45.0
152.8,103.8
141.4,54.3
197.3,93.9
195.8,41.9
161.8,70.3
182.4,95.6
141.3,83.8
181.8,41.7
155.1,73.5
163.3,82.3
162.7,42.9
185.4,117.9
194.0,40.5
188.6,76.9
175.4,116.3
171.4,76.6
189.9,104.0
154.3,42.9
177.1,44.3
147.4,44.2
147.2,65.8
195.1,71.3
154.9,81.3
144.2,78.6
192.7,72.5
141.8,101.8
165.3,110.7
181.2,116.4
175.3,66.1
140.5,44.6
179.4,66.7
184.4,110.8
160.6,66.0
190.8,71.8
148.4,85.0
197.2,50.2
175.5,68.9
196.0,81.3
156.3,53.5
143.3,75.8
174.8,64.3
171.8,73.7
196.8,71.4
147.7,98.9
178.6,76.6
192.0,42.2
189.3,93.4
152.7,115.3
171.2,111.9
145.3,47.6
151.0,118.3
146.6,69.2
153.1,64.4
176.0,107.2
156.0,99.9
165.5,66.7
167.4,77.6
149.2,51.2
154.4,115.7
150.8,53.4
151.9,41.2
143.4,90.0
164.4,49.5
143.5,95.6
150.4,106.8
190.4,67.2
163.6,56.6
170.3,73.8
164.7,117.2
147.9,116.2
160.6,86.6
161.4,58.8
144.5,72.4
158.5,70.3
151.8,109.1
143.0,111.4
177.5,58.2
182.7,84.0
178.7,81.0
185.5,45.7
173.4,75.3
167.5,102.2
166.5,50.3
164.3,108.5
177.3,92.3
164.5,61.5
174.2,109.4
159.5,74.2
197.6,41.0
143.3,75.4
140.5,101.1
148.9,74.2
170.8,88.9
192.8,63.7
151.7,88.3
149.5,53.5
169.0,116.0
147.1,65.5
184.3,86.7
149.4,76.9
154.1,54.7
158.9,108.6
190.8,105.2
182.8,67.7
163.1,74.7
158.1,46.9
194.2,98.8
185.4,50.6
159.3,114.4
174.6,106.6
163.3,79.3
143.7,59.3
197.9,96.9
151.6,117.7
184.9,54.1
164.4,69.5
170.0,116.1
170.3,41.8
174.3,85.6
170.5,65.0
194.7,118.4
146.1,53.5
159.5,97.9
199.5,99.7
171.0,109.0
199.4,79.6
155.6,62.0
195.5,74.2
182.7,88.2
167.3,63.9
149.8,79.6
198.0,93.3
197.3,50.9
194.2,85.1
170.0,44.6
167.2,59.5
164.4,102.5
158.7,43.9
189.8,86.5
198.9,53.6
196.7,105.3
191.4,48.8
147.9,109.0
198.5,106.4
156.5,93.7
174.3,49.7
181.5,67.0
161.9,40.1
186.0,42.9
153.2,91.7
183.1,46.3
196.6,68.9
178.4,90.6
190.2,91.3
158.7,105.1
161.3,76.1
171.3,93.5
148.9,63.2
165.0,63.0
181.1,55.1
181.6,41.6
198.2,107.4
153.1,96.6
143.7,82.6
175.8,48.9
189.8,53.4
158.4,47.5
175.5,44.9
194.1,92.7
176.7,107.6
145.3,91.8
179.6,113.0
176.5,40.8
145.4,57.9
156.6,81.9
187.8,67.5
144.3,106.5
162.1,85.3
178.0,101.3
194.1,104.1
162.6,87.6
156.7,53.6
198.3,80.7
184.2,75.4
191.3,43.6
168.3,90.3
182.3,50.8
173.4,49.8
193.8,66.0
169.6,100.5
150.5,54.9
182.3,111.6
147.6,105.3
190.3,95.9
156.0,85.9
181.9,112.6
176.9,97.4
190.1,118.2
170.0,46.3
185.0,56.6
189.0,96.2
146.1,76.2
186.6,52.8
164.0,75.3
192.7,54.6
163.5,47.6
145.6,43.7
143.1,65.1
146.8,83.9
169.8,71.5
178.7,99.1
169.6,53.4
198.9,94.8
158.7,69.5
198.7,102.8
195.5,94.9
150.3,97.3
162.9,74.9
168.6,51.8
160.7,89.1
175.5,92.4
141.7,72.8
167.9,99.0
183.1,108.0
149.9,104.8
149.4,60.9
184.9,54.2
162.7,116.0
170.2,102.7
156.5,117.4
158.3,105.9
152.1,98.4
157.8,119.5
159.7,97.3
161.6,109.4
146.4,95.3
175.3,63.1
187.0,52.3
153.6,104.9
199.5,58.0
145.2,78.1
141.9,53.3
197.2,111.0
168.3,102.2
165.3,69.4
192.0,105.4
182.5,113.8
173.9,118.9
176.8,77.9
152.9,70.4
141.5,48.8
161.5,42.9
180.9,90.4
184.0,65.8
151.3,100.9
172.3,71.3
177.8,51.4
169.7,44.8
181.8,88.9
141.8,80.3
171.9,51.1
144.5,118.3
193.7,67.7
190.5,45.4
199.7,56.2
174.3,97.3
142.7,119.5
142.7,65.5
177.7,117.0
177.3,86.7
191.9,73.0
156.1,81.5
141.3,114.5
179.1,109.7
143.9,48.2
198.0,110.7
161.0,114.5
142.3,86.4
165.6,47.5
161.8,78.3
141.7,118.6
188.9,89.2
144.0,42.0
159.1,89.9
196.1,63.6
186.2,106.9
197.5,74.4
147.9,100.7
192.0,44.3
148.8,50.9
191.0,60.6
154.0,91.2
185.5,96.0
174.3,56.7
198.5,83.4
158.0,47.4
151.1,115.7
142.8,66.7
165.4,86.1
165.0,65.8
199.8,59.1
168.3,113.5
196.2,40.7
171.2,105.0
180.6,48.5
162.8,106.3
197.8,63.2
161.0,80.4
173.2,70.7
157.9,56.3
157.2,47.0
165.2,92.9
168.4,74.4
195.6,69.2
159.6,110.0
146.0,102.2
182.7,95.2
146.2,49.5
160.3,64.5
167.6,72.2
186.7,50.9
176.4,111.4
173.9,56.3
166.4,54.9
198.4,63.6
181.0,107.4
187.5,89.7
159.8,76.8
143.8,54.4
185.7,93.1
182.3,81.1
153.2,103.0
173.0,76.6
172.2,87.3
153.2,89.6
151.1,92.7
172.0,51.6
169.1,69.0
142.9,51.4
177.5,41.6
165.7,90.3
165.3,80.5
145.4,111.6
168.5,111.0
198.9,103.4
141.0,75.2
185.3,69.1
149.7,74.5
168.6,53.0
185.3,41.3
154.6,55.0
152.6,72.4
185.9,78.4
180.7,62.7
159.1,96.2
182.5,70.5
145.9,115.1
173.1,68.1
194.7,118.4
194.9,72.0
189.1,57.4
175.7,111.4
169.6,69.9
176.2,83.5
194.4,73.7
185.7,60.2
185.8,91.7
162.5,61.8
155.9,79.0
183.3,77.2
194.1,98.1
159.9,84.4
140.2,106.2
194.7,47.0
166.4,77.5
148.8,74.2
162.2,93.0
188.1,88.4
176.2,95.5
157.2,75.0
169.2,42.2
164.8,71.2
181.0,113.6
167.5,54.2
165.0,43.0
183.2,50.7
186.9,71.2
140.4,47.5
194.2,47.1
198.9,42.2
142.1,51.5
171.4,64.7
140.2,90.5
154.6,115.1
164.0,57.2
146.4,49.8
173.4,105.6
166.1,44.3
176.0,81.3
180.5,73.8
145.1,50.4
149.7,101.2
142.5,101.1
143.6,45.9
187.9,64.7
156.9,51.6
195.3,110.1
182.0,107.7
153.0,111.1
174.7,49.8
186.8,77.8
160.3,82.5
166.4,108.8
162.6,59.2
190.6,47.7
190.6,46.6
170.0,110.3
148.5,85.0
166.7,65.4
171.4,55.8
160.3,74.8
193.3,71.4
192.9,55.6
141.0,117.3
171.6,66.7
161.0,45.3
154.7,44.9
151.6,65.6
174.2,48.5
145.8,107.1
169.8,74.6
154.8,109.3
159.7,95.5
192.9,59.8
165.3,107.2
146.6,46.6
189.2,85.7
163.2,119.7
141.4,101.8
168.5,47.1
176.5,85.3
166.7,110.9
147.0,46.8
173.8,76.8
150.3,116.0
169.8,106.6
185.0,107.6
185.2,118.2
199.8,79.2
149.2,111.4
153.6,51.8
178.2,47.7
144.8,103.4
143.3,115.4
173.9,75.2
159.5,115.7
192.6,109.0
192.6,114.6
169.3,86.3
157.7,65.0
161.4,104.8
187.3,64.1
156.0,111.0
168.4,44.2
177.3,40.2
143.4,83.7
156.8,103.2
152.5,70.2
166.6,113.1
178.6,85.8
197.6,61.0
170.5,105.1
153.1,103.5
162.0,66.3
142.6,96.2
192.7,77.6
162.8,99.2
155.9,93.2
183.2,105.4
173.7,99.5
158.7,47.0
185.1,83.5
177.0,66.5
168.4,53.6
173.2,90.1
187.9,54.1
175.7,65.9
166.3,70.6
185.0,117.2
186.8,52.2
185.6,105.6
188.6,89.8
168.3,89.0
140.8,53.4
144.3,52.3
187.3,103.6
161.0,58.6
148.6,84.1
162.3,91.9
159.2,97.6
196.8,51.7
154.1,89.5
168.7,101.6
193.8,42.9
184.1,48.8
193.0,71.7
193.7,64.7
190.8,47.1
184.1,112.0
141.6,116.6
173.9,66.5
155.8,117.9
163.5,105.5
194.3,64.9
165.9,41.7
167.2,111.2
193.0,50.2
190.4,93.1
166.7,104.8
155.3,74.8
153.0,52.0
154.6,83.3
176.6,41.2
157.4,55.2
186.6,66.8
179.3,63.7
159.0,74.6
143.6,45.1
186.6,53.7
189.0,115.1
182.7,70.4
174.0,112.3
189.3,65.3
173.2,102.4
171.9,89.4
140.4,113.7
186.1,52.0
177.5,75.6
186.2,111.4
184.3,104.6
174.6,53.2
186.3,107.3
180.8,107.0
196.3,95.2
154.5,80.2
174.8,90.1
196.8,95.1
198.9,54.0
195.8,58.5
187.9,71.0
143.0,102.1
180.7,54.2
194.8,62.0
166.5,73.8
160.2,48.9
185.5,74.9
189.9,60.5
198.3,66.2
180.9,68.1
152.4,64.3
145.1,68.7
175.1,40.4
163.0,91.5
143.2,41.8
194.9,53.4
168.7,46.1
172.7,99.5
198.9,41.4
154.5,83.8
165.3,69.4
152.7,61.8
161.2,114.8
155.6,68.9
147.1,105.8
166.2,63.6
199.1,104.3
196.7,84.3
162.4,40.8
161.5,57.6
167.6,119.1
184.5,76.4
169.1,85.7
169.7,115.1
190.1,42.2
171.0,92.5
197.0,40.8
153.0,49.3
196.0,92.1
142.7,103.6
145.6,89.8
185.1,70.3
193.6,62.5
195.0,95.8
186.7,60.8
168.2,104.3
198.2,57.6
148.2,104.2
155.0,104.1
145.2,49.6
149.3,46.9
199.9,112.9
171.7,43.9
154.2,71.9
151.5,77.5
165.2,93.2
179.3,50.4
185.8,79.2
145.5,94.2
159.6,84.9
169.4,112.3
178.6,69.8
194.5,55.0
187.6,61.3
169.7,55.4
177.2,57.0
191.1,65.3
179.2,66.8
180.6,102.6
144.2,83.3
154.9,93.4
154.8,60.3
194.5,105.9
140.4,42.8
162.4,62.1
142.5,109.1
172.2,75.3
144.3,87.3
176.4,119.7
158.6,81.7
147.4,70.3
165.4,79.4
176.8,53.4
152.2,71.0
150.5,51.4
180.3,64.7
183.7,60.1
154.1,45.7
194.6,100.6
142.9,50.8
162.8,66.5
172.8,92.3
145.5,63.3
198.7,102.5
176.1,111.2
179.6,112.8
177.0,117.6
151.5,106.6
184.9,77.5
170.5,87.9
190.2,105.2
192.2,45.4
140.4,76.7
162.3,91.2
182.1,69.1
186.5,97.0
176.7,50.8
159.9,73.4
170.1,117.7
159.5,50.0
180.2,109.6
159.2,65.3
156.5,43.0
195.6,51.8
194.5,86.9
158.7,111.8
173.9,109.7
181.8,104.9
171.5,75.3
150.1,61.1
146.3,98.0
197.7,114.0
194.0,106.1
183.5,115.2
190.8,113.2
144.5,69.9
155.0,89.7
157.4,112.0
173.7,47.3
193.0,77.5
153.4,83.4
197.2,75.2
188.6,119.7
199.8,77.9
156.3,88.4
186.3,67.4
162.4,96.8
197.9,114.5
186.7,79.0
152.1,103.9
145.6,92.0
182.7,44.8
193.2,40.1
145.6,92.3
198.5,113.9
148.7,109.7
187.0,104.1
198.7,83.2
162.4,81.3
187.6,52.2
162.5,108.2
162.9,51.0
178.2,48.8
199.3,46.5
159.6,56.7
155.9,50.2
174.9,110.0
161.5,97.3
153.5,66.7
176.4,42.8
145.2,116.9
180.5,84.1
178.8,74.8
165.9,57.1
189.9,57.2
160.8,58.1
180.5,102.9
176.0,63.2
140.5,104.0
150.3,67.8
173.8,101.5
156.9,42.0
155.2,117.1
189.4,61.5
173.7,54.4
197.1,118.5
144.4,106.3
164.8,69.6
163.9,109.9
163.5,71.2
187.6,69.8
140.5,107.4
188.7,96.4
198.1,65.7
194.4,58.2
195.2,113.4
143.6,85.4
181.1,72.5
191.8,96.6
140.6,102.6
146.4,75.0
190.8,84.5
181.7,72.2
163.4,49.3
178.3,97.9
187.8,49.3
179.7,66.1
194.4,71.9
156.7,101.7
187.6,94.7
198.9,56.9
173.4,50.3
188.5,48.1
152.7,109.5
190.6,119.0
170.5,56.2
159.1,45.7
197.0,40.1
151.7,113.9
172.6,87.3
181.5,94.4
152.2,45.8
150.8,97.7
183.7,119.9
162.4,59.6
144.4,77.7
142.2,54.6
187.4,60.9
177.2,92.7
159.4,58.4
191.0,110.2
189.4,89.2
189.3,47.4
156.7,52.5
182.1,108.0
152.7,117.4
144.4,44.0
148.6,56.0
198.0,78.4
191.0,51.8
188.5,89.5
198.1,51.2
167.4,101.7
162.0,45.3
152.8,114.0
162.2,107.1
158.1,48.8
198.6,65.9
153.2,47.0
150.9,79.7
161.0,81.9
198.0,108.2
189.5,98.1
160.9,83.2
184.9,72.6
197.1,90.3
140.3,61.7
159.0,99.1
184.5,107.4
181.9,73.0
188.9,108.5
178.7,54.9
182.3,56.5
154.7,41.3
186.5,77.1
152.7,109.7
164.3,88.5
163.3,74.1
191.4,108.3
147.5,60.4
156.2,108.3
147.4,76.6
170.8,61.1
145.2,108.3
188.3,49.3
161.8,90.8
144.5,53.5
156.3,91.6
145.2,72.4
165.1,104.7
173.2,103.4
157.4,83.8
156.7,64.7
152.0,98.5
164.2,65.2
189.4,50.3
165.0,90.4
143.2,78.9
148.0,103.7
150.6,59.2
176.6,53.0
168.0,52.1
199.4,69.6
169.5,41.8
147.2,112.9
168.4,58.5
186.9,114.5
157.7,85.4
146.0,103.5
162.0,53.3
185.8,119.3
187.0,89.8
144.9,71.4
171.5,115.7
156.8,101.6
170.6,50.7
177.4,44.9
148.5,89.4
175.2,51.2
141.0,118.6
143.2,43.7
147.5,105.5
151.2,114.2
144.4,116.1
193.6,71.8
171.3,66.6
193.4,72.9
180.8,83.1
162.4,78.6
186.3,50.5
182.4,52.6
172.1,108.2
185.3,48.9
147.6,43.6
155.0,58.1
183.9,108.3
179.3,116.4
158.1,118.9
156.9,93.3
154.0,114.8
142.7,99.3
197.1,114.1
163.9,76.8
198.4,108.4
140.1,59.7
147.2,65.6
153.7,106.3
171.6,114.9
179.5,77.5
140.6,63.3
197.4,83.6
181.8,96.1
187.9,91.1
180.0,47.3
153.1,69.5
155.2,61.3
144.0,97.5
